#Pose of cameras relative to the center of the camera link
camera_positions:
- x: 0.0
  y: 0.0
  z: 0.1
  roll: 0.0
  pitch: 0.0
  yaw: 0.0
- x: -0.08660254
  y: 0.0
  z: -0.05
  roll: 0.0
  pitch: -2.093
  yaw: 0.0
- x: 0.08660254
  y: 0.0
  z: -0.05
  roll: 0.0
  pitch: 2.093
  yaw: 0.0
